
strategic_region={
	id=10
	name="STRATEGICREGION_10"
	provinces={
		59 81 337 1707 1952 2198 2258 2778 3221 3656 3853 3935 4250 4662 4873 5058 5094 5207 5423 5705 5711 6055 6178 6418 6527 7612 7625 7849 7973 8003 8276 8402 8734 8794 9088 9715 9803 15299 15322 15338 15356 15369 15385 15438 15458 15477 15509 15518 15524 15531 15542 15569 15582 15586 15597 15614 15624 15625 15632 15658 15684 15689 15709 15714 15723 15772 15790 15806 15807 15811 15822 15832 15852 15875 15881 15909 15920 15943 15960 
	}
	weather={
	}
}
