
strategic_region={
	id=100
	name="STRATEGICREGION_100"
	provinces={
		54 136 165 477 1031 1237 1277 1422 1477 1555 1615 1650 1673 1697 2138 2364 2598 2770 2938 2981 3020 3415 3469 3524 3818 4170 4351 4373 4489 4622 4644 4710 4727 4961 4969 5247 5494 5779 5860 6001 6041 6265 6307 6352 6463 6519 6535 6701 7350 7878 7916 7990 8037 8245 8385 8465 9411 9996 11564 11657 11744 11753 11801 11808 11816 11871 11898 11914 11922 12023 12042 12131 12137 12163 12176 12195 12239 12275 12294 12334 12379 12382 12395 12461 
	}
	weather={
	}
}
