
strategic_region={
	id=11
	name="STRATEGICREGION_11"
	provinces={
		727 1464 1633 2074 2096 2480 3149 3454 3499 3641 3812 4106 4325 4649 4707 4733 5392 5592 5663 5747 5820 5890 6096 6436 6576 7121 7539 7654 8086 8246 8406 8482 8507 8672 8838 9105 9725 10023 10078 10088 15805 15851 15855 15899 15906 15927 15947 15978 15979 15980 15992 15998 16003 16008 16019 16020 16023 16027 16042 16048 16053 16054 16074 16081 16098 16103 16111 16127 16139 16140 16148 16167 16181 16205 16210 16223 16227 16252 16255 16263 16271 16279 16283 16294 16310 16314 16343 16344 16352 16377 16381 19411 
	}
	weather={
	}
}
