
strategic_region={
	id=12
	name="STRATEGICREGION_12"
	provinces={
		103 201 294 305 850 1216 1241 1293 1917 2220 2391 2523 2575 2750 2935 3101 3167 3226 3352 3395 3404 3580 3694 3960 4060 4210 4228 4549 4556 4813 5083 5126 5166 5204 5422 5518 5725 5977 6039 6080 6386 6435 6514 6569 6645 6771 6870 7346 7389 7448 7479 7524 7525 7543 7586 7779 7815 7908 7949 7953 8129 8143 8153 8364 8390 8448 8614 8757 9187 9217 9370 9464 9495 9544 9678 9724 9800 9890 9898 9912 10141 10201 15150 15191 15203 15216 15236 15258 15276 15292 15307 15321 15328 15345 15355 15362 15376 15377 15378 15391 15397 15398 15406 15413 15420 15433 15434 15437 15445 15454 15466 15482 15494 15498 15505 15516 15517 15523 15529 15530 15538 15556 15561 15562 15567 15568 15585 15591 15601 15622 15623 15630 15631 15639 15640 15646 15647 15650 15651 15657 15673 15674 15680 15681 15682 15698 15699 15700 15721 15722 15726 15727 15736 15748 15749 15766 15767 15776 15789 15795 15804 15814 15815 15826 15827 15840 15847 15849 15850 15868 15892 15897 15898 
	}
	weather={
	}
}
