
strategic_region={
	id=17
	name="STRATEGICREGION_17"
	provinces={
		250 449 2362 2424 2481 2504 2558 2923 3005 3232 3531 3795 4105 4333 4721 5697 5804 5899 6010 6011 6122 6230 6414 6478 6658 6937 7227 7383 7481 7925 8078 8082 8216 8347 8359 8523 8552 9087 9616 9664 9711 10021 14652 14656 14662 14667 14708 14741 14745 14751 14763 14774 14797 14804 14828 14832 14845 14848 14853 14860 14868 14874 14887 14896 14897 14906 14909 14918 14931 14941 14950 14951 14957 14958 14985 14993 15007 15036 15044 15054 15055 15076 15080 15085 15099 15126 15137 15161 15204 15251 15259 
	}
	weather={
	}
}
