
strategic_region={
	id=18
	name="STRATEGICREGION_18"
	provinces={
		432 534 650 700 1244 1324 1356 1365 1933 2147 2356 2407 2429 2658 2812 3066 3084 3291 3302 3737 3769 3797 3814 4189 4209 4567 5023 5026 5145 5637 5754 5853 5961 6392 6790 6882 6920 7617 7716 7921 8066 8568 8748 8865 9037 9046 9161 9253 9366 9733 9810 9866 10146 10167 10270 14508 14556 14577 14614 14653 14668 14684 14700 14746 14747 14754 14800 14805 14808 14861 14869 14888 14898 14910 14919 14923 14942 14965 14966 14969 15008 15015 15027 15037 15045 15066 15071 15093 15104 15111 15157 15187 15222 15260 15298 
	}
	weather={
	}
}
