
strategic_region={
	id=2
	name="STRATEGICREGION_2"
	provinces={
		11 151 258 303 351 468 1158 1282 1428 1581 1773 1806 2032 2246 2874 3743 3932 4046 4066 4335 4613 4708 4724 5140 5214 5345 5485 5506 6028 6095 6294 6333 6357 6398 6638 6798 7135 7850 7959 8123 8164 8566 8949 8960 9018 9069 9125 9190 9437 9653 9787 9818 9825 10011 10147 10177 16049 16070 16075 16093 16099 16136 16138 16141 16153 16163 16168 16175 16180 16186 16199 16201 16206 16207 16211 16212 16224 16228 16229 16236 16241 16256 16257 16284 16285 16289 16295 16296 16307 16315 16324 16337 16353 16357 16365 16366 16372 16378 16382 16386 16390 16393 16394 16411 16412 16416 16417 16426 16441 16449 16461 16469 
	}
	weather={
	}
}
