
strategic_region={
	id=20
	name="STRATEGICREGION_20"
	provinces={
		43 455 555 905 927 1746 1781 1857 1943 1986 2483 2531 2827 3190 3279 3546 3927 3953 4028 4137 4433 4635 4651 4720 4868 5043 5355 5391 5486 5557 5819 5857 5986 6297 6312 6384 6526 6704 7004 7232 7372 7731 7877 8376 8729 8771 8894 8911 9259 9270 9323 9381 9468 9485 9502 9539 9633 9812 9837 10123 14438 14445 14465 14471 14486 14514 14525 14531 14545 14558 14559 14563 14579 14583 14592 14605 14616 14617 14618 14624 14638 14654 14657 14658 14663 14670 14685 14695 14709 14714 14716 14717 14733 14734 14738 14756 14764 14769 14770 14776 14777 14779 14780 14791 14809 14810 14823 14834 14835 14854 14870 14895 14901 14920 14938 14994 15029 
	}
	weather={
	}
}
