
strategic_region={
	id=21
	name="STRATEGICREGION_21"
	provinces={
		278 1162 1239 2037 2355 2736 3103 3298 3338 3919 4101 4303 4583 4598 5028 5379 5441 5521 5766 6049 6664 6700 7010 7048 7264 7336 7757 7804 7838 7932 8122 8394 8602 8885 8966 8978 8983 9545 9611 9705 10161 14447 14492 14501 14516 14532 14546 14547 14568 14575 14588 14593 14606 14607 14644 14655 14659 14673 14692 14696 14704 14735 14765 14781 14782 14799 14806 14811 14817 14855 14865 14907 14912 14932 14961 14976 14983 15001 15011 15025 15046 
	}
	weather={
	}
}
