
strategic_region={
	id=216
	name="STRATEGICREGION_216"
	provinces={
		575 1047 1549 1863 2259 2275 2402 2670 3046 3423 3486 3655 3820 3926 3978 4018 4564 4814 4870 5194 5659 5719 5842 6182 6481 6626 6889 7025 7037 7052 7591 7855 8073 8289 8491 8543 8743 8952 9097 9258 9262 9390 9422 9722 9821 9914 10175 13847 13854 13869 13913 13936 13956 14004 14013 14036 14037 14052 14053 14059 14069 14070 14090 14099 14100 14105 14106 14131 14145 14161 14174 14175 14181 14182 14192 14204 14214 14215 14224 14225 14226 14229 14250 14265 14285 14286 14287 14299 14328 14329 14336 14337 14348 14349 14359 14374 14389 14390 14395 14406 14418 14419 14423 14434 14442 14456 14459 14469 14488 14489 14512 14513 14529 14551 19361 19365 
	}
	weather={
	}
}
