
strategic_region={
	id=241
	name="STRATEGICREGION_241"
	provinces={
		722 1010 1167 1530 1670 1890 2643 2966 2985 3269 3532 3560 5300 5582 5949 6013 6105 6451 6657 6974 7061 7161 7211 7252 7260 7353 8006 8090 8150 8244 8514 8671 8775 8798 8933 9206 9236 9511 9588 9721 9792 9899 9931 10188 12146 12166 12279 12622 12629 12643 12669 12670 12679 12726 12730 12758 12759 12792 12799 12829 12851 12852 12880 12910 12921 12931 12932 12943 12970 13003 13027 13036 13054 13059 13060 13073 13089 13103 13125 13132 13142 13143 13175 13216 13240 13272 13276 13284 13297 13304 13313 13319 13323 13332 13341 13346 13355 13372 13398 13399 13409 13436 13440 19351 19352 19354 19355 19356 19357 19358 19462 19713 19719 20111 20157 20291 20508 20530 20588 20613 20616 20694 20843 20945 20959 21027 21095 21117 21335 21374 21407 21627 21694 21754 21776 21779 21782 
	}
	naval_terrain=water_fjords
	weather={
	}
}
