
strategic_region={
	id=242
	name="STRATEGICREGION_242"
	provinces={
		1675 2034 2113 2513 2568 2978 3234 3336 3877 4027 4071 4249 4298 4664 5108 5186 5750 5852 6003 6815 6924 7507 7575 7656 8224 8267 8516 8915 9054 9494 9704 10203 10222 10261 13488 13519 13520 13550 13557 13580 13581 13590 13643 13644 13668 13676 13704 13735 13759 13782 13787 13794 13844 13878 13937 13993 13994 14014 14031 14071 14085 14132 14140 14183 14193 14208 14230 14275 14281 14308 14309 14310 14375 14380 14430 14444 14461 14479 14539 14561 14562 14586 14591 14633 14634 14721 14722 14762 14773 14813 14831 19362 19364 19532 19651 19668 19898 20052 20083 20168 20423 20495 20595 20681 20711 20794 20805 20873 21002 21139 21159 21171 21250 21304 21315 21502 21680 21797 21805 
	}
	naval_terrain=water_fjords
	weather={
	}
}
