
strategic_region={
	id=243
	name="STRATEGICREGION_243"
	provinces={
		9 89 895 1116 1411 1681 1743 1767 1807 1972 2040 2151 2377 2862 2863 2913 3994 4112 4435 4546 4642 4803 4806 5542 5576 6279 6484 6970 7160 7197 7279 7315 7746 7805 7848 8419 8432 8545 8573 8574 8808 9074 9305 9551 9712 9897 10014 10117 13347 13359 13382 13383 13406 13426 13429 13443 13467 13470 13471 13489 13502 13521 13529 13530 13558 13567 13568 13582 13624 13673 13701 13820 13824 13865 13870 13871 13879 13885 13886 13890 13907 13941 13957 13973 13983 13988 13995 13996 14015 14032 14047 14133 14146 14176 14184 14241 14242 14251 14258 14266 14267 14311 14312 14313 14314 14330 14366 14381 14391 14535 14587 14599 14640 14641 14678 14682 14683 14698 14711 14723 14749 14752 14795 14802 14814 14842 14858 14885 19363 19369 19370 19470 19578 19594 19650 19669 19808 20178 20332 20342 20384 20493 20522 20565 20591 20714 20779 20832 20928 20929 20950 21105 21170 21244 21314 21384 21434 21505 21620 21625 21781 21786 21791 21796 21798 21808 21818 
	}
	naval_terrain=water_fjords
	weather={
	}
}
