
strategic_region={
	id=244
	name="STRATEGICREGION_244"
	provinces={
		657 843 1344 1361 1449 1468 2212 2272 2351 2786 3507 3523 4025 4139 4178 4565 4922 5054 5231 5425 5792 5846 5884 6207 6379 7274 7463 7562 7636 7834 7892 7938 8178 8205 8262 8548 8674 8936 8973 9158 9166 9375 9379 9610 9700 9830 9867 10084 10191 16586 16598 16632 16683 16684 16789 16812 16865 16885 16928 16930 16959 16976 16981 17107 17129 17133 17163 17194 17225 17226 17245 17252 17273 17283 17301 17316 17321 17361 17372 17376 17394 17420 17428 17437 17455 17467 17483 17502 17564 17578 17592 17605 17624 17633 17655 17656 17670 17700 17719 17738 17759 17770 17780 17797 17803 17858 17884 18023 19440 19469 19585 19687 19690 19794 19934 20000 20033 20136 20456 20599 20642 20719 20722 20917 21029 21237 21322 21348 21355 21388 21398 21462 21495 21567 21883 21910 21922 21942 
	}
	naval_terrain=water_fjords
	weather={
	}
}
