
strategic_region={
	id=245
	name="STRATEGICREGION_245"
	provinces={
		92 756 868 875 961 1005 1123 1173 1210 1312 1602 1830 2833 3089 3124 3721 4285 4951 5611 5665 6873 7015 8035 8628 8963 9053 9832 10067 17320 17323 17371 17383 17419 17563 17589 17776 17843 17870 17890 17916 17987 17990 18005 18015 18025 18072 18082 18090 18094 18107 18198 18298 19430 19432 19444 19447 19512 19664 19783 19954 19978 19985 20140 20761 20952 21066 21129 21192 21215 21277 21327 21396 21542 21653 21672 21925 21947 
	}
	naval_terrain=water_shallow_sea
	weather={
	}
}
