
strategic_region={
	id=246
	name="STRATEGICREGION_246"
	provinces={
		400 404 906 1043 1398 1503 1511 1699 1915 2079 2471 2517 2579 2590 2608 2683 2840 3071 3354 3418 3578 3800 3810 3866 4514 4716 4822 5328 6205 6449 6632 7288 7588 7750 7885 8169 8190 8269 8858 9167 9177 9286 9426 9433 10028 18387 18460 18501 18585 18589 18648 18692 18727 18773 18834 18878 18923 18940 18954 18970 18988 18992 18999 19017 19068 19151 19186 19223 19234 19237 19239 19256 19257 19268 19269 19275 19283 19286 19287 19293 19300 19301 19302 19311 19312 19313 19314 19315 19316 19317 19448 19449 19451 19452 19453 19591 19677 19681 19747 19870 20018 20161 20374 20496 20512 20576 20725 21026 21125 21150 21240 21265 21294 21349 21392 21422 21435 21508 21565 21977 21987 
	}
	naval_terrain=water_shallow_sea
	weather={
	}
}
