
strategic_region={
	id=247
	name="STRATEGICREGION_247"
	provinces={
		1037 2959 3925 4009 4196 4203 4940 5050 5304 5306 5430 5466 5517 5825 6082 6253 6271 6876 8105 8431 8586 8622 9111 9164 9285 9857 10206 18063 18078 18088 18103 18112 18151 18161 18246 18258 18261 18262 18302 18322 18340 18367 18368 18405 18412 18416 18451 18473 18500 18509 18551 18557 18558 18573 18593 18601 18621 18667 18691 18785 18796 18912 18922 18969 19124 19220 19442 19445 19446 19454 19487 19517 19558 19648 19724 19863 19883 19884 19970 20165 20277 20300 20345 20353 20398 20520 20561 20585 20645 20668 20769 20783 20797 20925 21001 21028 21033 21145 21153 21189 21203 21222 21272 21300 21312 21364 21532 21558 21617 21945 21956 21965 21973 21978 
	}
	naval_terrain=water_fjords
	weather={
	}
}
