
strategic_region={
	id=249
	name="STRATEGICREGION_249"
	provinces={
		386 452 870 949 1541 1839 2009 2276 2882 3050 4006 4033 4323 4952 5107 5307 5569 5806 6266 7196 7317 8388 8571 8747 9001 9185 9194 9765 9873 10075 15782 15787 15838 15857 15935 15940 15972 15973 15985 16002 16026 16032 16068 16080 16114 16118 16119 16126 16131 16132 16144 16152 16157 16166 16179 16184 16185 16198 16220 16221 16222 16231 16261 16262 16270 16273 16293 16299 16302 16303 16332 16333 16342 16460 19908 20055 20065 20449 20782 20824 21275 21375 21417 21479 21515 21520 21698 21847 21859 
	}
	naval_terrain=water_fjords
	weather={
	}
}
