
strategic_region={
	id=25
	name="STRATEGICREGION_25"
	provinces={
		182 2125 2561 2603 2775 2853 3308 3672 3880 4688 4943 5411 5420 5515 5836 6050 6127 6368 6682 6685 6810 6843 6953 6964 7106 8810 8845 8999 9172 9241 9251 9353 9383 9412 9418 9776 10200 14757 14758 14767 14785 14792 14807 14841 14850 14881 14891 14928 14934 14939 14943 14963 14971 14978 14988 14989 15006 15012 15019 15058 15069 15070 15078 15103 15115 15127 15128 15158 15159 15175 15176 15181 15213 15218 19378 
	}
	weather={
	}
}
