
strategic_region={
	id=3
	name="STRATEGICREGION_3"
	provinces={
		667 776 798 1000 1056 1337 1371 1861 1879 1882 1942 2164 2225 3322 3430 3684 3876 3945 4577 5195 5242 5462 5803 6388 6390 6636 6871 6908 7042 7599 7843 8136 8207 8926 9080 9127 9615 10006 10166 10247 16191 16213 16230 16232 16245 16258 16259 16274 16297 16311 16312 16320 16325 16326 16334 16335 16345 16354 16367 16368 16373 16383 16384 16402 16403 16418 16427 16428 16432 16433 16442 16450 16470 16474 16475 16478 16484 16491 16510 16517 16518 16523 16527 16539 16556 16557 16573 16602 16606 16612 16638 16641 16674 16685 
	}
	weather={
	}
}
