
strategic_region={
	id=30
	name="STRATEGICREGION_30"
	provinces={
		1089 1262 1461 1559 2008 2386 2432 2701 3566 4011 4070 4234 5077 5318 5669 5676 6164 6319 6347 6893 6905 7088 7234 7378 7587 7613 7722 7894 8453 8656 8965 9274 9315 9618 9848 9863 10195 10213 13849 13916 13928 13950 13951 13997 14008 14055 14078 14103 14115 14128 14135 14141 14147 14156 14170 14179 14218 14234 14245 14261 14269 14288 14294 14295 14303 14304 14343 14355 14370 14371 14382 14402 14403 14416 14417 14422 14427 14431 14441 14448 14493 14569 
	}
	weather={
	}
}
