
strategic_region={
	id=31
	name="STRATEGICREGION_31"
	provinces={
		28 680 1053 1378 1573 1875 1925 2170 2449 2451 2546 3268 3286 3391 3826 4432 4880 5095 5689 6360 6474 6567 7142 7435 8846 8883 9009 9023 9092 9131 9423 9944 13724 13777 13798 13821 13828 13829 13848 13858 13880 13893 13894 13927 13938 13939 13949 13962 13963 14007 14016 14021 14022 14041 14077 14110 14120 14164 14169 14187 14205 14217 14238 14244 14254 14268 14277 14292 14293 14302 14317 14318 14333 14334 14338 14361 14378 14379 14398 14421 14446 14454 
	}
	weather={
	}
}
