
strategic_region={
	id=339
	name="STRATEGICREGION_339"
	provinces={
		19474 19478 19567 19584 19621 19637 19679 19683 19701 19758 19784 19799 19812 19891 19912 19918 19921 19940 19944 19959 19960 19996 20011 20025 20030 20032 20060 20087 20096 20173 20192 20195 20360 20429 20444 20446 20462 20469 20473 20474 20482 20538 20539 20559 20676 20688 20856 20884 20918 21038 21102 21169 21210 21261 21303 21452 21453 21483 21497 21554 21646 21976 21980 
	}
	naval_terrain=water_deep_ocean
	weather={
	}
}
