
strategic_region={
	id=34
	name="STRATEGICREGION_34"
	provinces={
		122 141 169 236 242 500 562 725 933 1151 1250 1261 1489 1596 1684 1846 2652 2810 2914 2927 3119 3157 3285 3304 3434 3498 3872 4002 4032 4079 4508 4705 4848 4853 4888 4998 5089 5123 5170 5290 5712 5847 6663 7368 7628 7669 7771 7825 8002 8036 8485 8762 8862 9317 9478 9497 9698 9814 9816 10057 13797 13803 13887 13948 13961 14033 14127 14155 14209 14252 14273 14321 14324 14353 14354 14360 14425 14437 14463 14464 14470 14477 14484 14491 14504 14505 14515 14523 14524 14553 14554 14567 14576 14608 14609 14622 14637 14649 14691 14713 22000 22024 22025 22026 
	}
	weather={
	}
}
