
strategic_region={
	id=342
	name="STRATEGICREGION_342"
	provinces={
		19490 19520 19535 19544 19557 19580 19602 19622 19626 19652 19695 19707 19730 19731 19741 19753 19770 19843 19886 19904 20004 20036 20081 20160 20167 20245 20274 20280 20281 20287 20288 20293 20303 20368 20381 20385 20457 20470 20555 20579 20639 20724 20780 20790 20825 21010 21018 21070 21088 21096 21124 21146 21156 21220 21258 21279 21400 21436 21457 21468 21491 21600 21601 21630 21636 21637 21648 21822 21844 21873 
	}
	naval_terrain=water_deep_ocean
	weather={
	}
}
