
strategic_region={
	id=35
	name="STRATEGICREGION_35"
	provinces={
		333 376 644 646 771 1382 1397 1635 1818 1960 2016 2129 2300 3193 3259 3328 3534 3555 3622 3744 3788 3805 4130 4717 4723 4910 4959 5277 5624 5907 5994 6162 6173 6417 6488 6512 6883 7429 7581 7629 7823 7994 8225 8256 8266 8293 8311 8562 8587 8715 9072 9223 9264 9282 9347 9662 9768 9786 10007 14113 14119 14177 14231 14232 14243 14291 14315 14320 14332 14351 14352 14376 14377 14392 14396 14420 14424 14436 14439 14476 14500 14503 14536 14542 14566 14574 14600 14601 14613 14629 14635 14636 14648 14651 14672 14689 14690 14694 14712 14730 14731 14732 14737 14743 14744 14778 14789 14793 14796 14815 14816 14827 14843 14847 14859 14886 14892 
	}
	weather={
	}
}
