
strategic_region={
	id=350
	name="STRATEGICREGION_350"
	provinces={
		19476 19508 19534 19536 19560 19566 19666 19697 19715 19723 19734 19792 19832 19871 19876 19878 19913 19915 19936 19941 20042 20120 20205 20219 20230 20316 20350 20357 20377 20454 20468 20535 20617 20629 20685 20733 20750 20789 20835 20845 20864 20906 20907 20927 20948 21063 21108 21113 21162 21252 21268 21270 21308 21321 21332 21363 21543 21568 21645 21930 21948 21958 21962 21966 21990 21993 21994 
	}
	naval_terrain=water_deep_ocean
	weather={
	}
}
