
strategic_region={
	id=36
	name="STRATEGICREGION_36"
	provinces={
		442 444 668 829 1279 1481 1722 1816 2006 2476 2559 2825 3305 3341 3364 3456 3493 3543 3639 4215 4429 4701 5008 5151 5487 5512 5598 5721 5979 6542 6994 7019 7397 7477 7627 7648 7819 8641 8784 8878 9833 10153 10262 14107 14112 14162 14168 14185 14216 14237 14276 14282 14300 14331 14350 14367 14401 14407 14453 14462 14483 14490 14499 14520 14521 14540 14541 14544 14555 14573 14604 14626 14627 14647 14666 14671 14679 14688 14706 14707 14724 14750 
	}
	weather={
	}
}
