
strategic_region={
	id=37
	name="STRATEGICREGION_37"
	provinces={
		615 743 967 1065 1209 1543 1594 1703 1851 1895 2057 2208 2416 2821 2993 3129 3169 3289 3464 4095 4145 4647 4661 4925 4948 5271 5393 5527 5843 5880 6404 7001 7090 7178 7299 7399 7516 7611 7655 7710 7806 7809 7858 7875 8040 8584 8639 9201 9356 9482 9699 9758 9979 10005 10061 10081 10086 13401 13407 13430 13441 13462 13475 13483 13490 13496 13497 13522 13546 13551 13559 13560 13576 13594 13604 13610 13639 13645 13664 13686 13698 13705 13718 13728 13736 13755 13760 13765 13766 13773 13795 13809 13825 13826 13833 13834 13855 13902 13908 13965 13966 13984 13989 14005 14038 14054 14108 14153 14163 
	}
	weather={
	}
}
