
strategic_region={
	id=4
	name="STRATEGICREGION_4"
	provinces={
		603 703 1431 1623 1765 2054 2290 2673 2894 2919 2996 3980 4248 4469 4538 4802 4832 5717 5948 6190 6705 6721 6806 6939 7071 7291 7527 7552 7678 7841 7890 7924 8010 8732 8820 8840 8925 9002 9153 9302 9537 9576 9744 9879 10171 15663 15710 15728 15731 15756 15778 15791 15809 15828 15841 15842 15848 15869 15870 15876 15877 15878 15884 15894 15914 15915 15928 15929 15945 15948 15956 15961 15974 15981 15982 15986 15987 15995 16011 16012 16013 16021 16022 16046 16051 16055 16065 16082 16089 16105 16112 16133 16145 16154 16164 16171 16172 16187 
	}
	weather={
	}
}
