
strategic_region={
	id=7
	name="STRATEGICREGION_7"
	provinces={
		109 119 566 750 812 869 1298 1866 1870 2741 3000 3654 3778 3807 3895 4003 4181 4240 4543 4652 4790 4833 4861 5135 5289 5434 5440 5600 5670 5835 5923 6045 6111 6171 6292 6460 6614 7003 7222 7417 7436 7531 7556 7726 7862 7929 8052 8072 8182 8361 8618 8649 8723 8793 8861 8923 8980 8998 9176 9554 9734 10111 10164 14960 14980 15010 15023 15024 15030 15031 15034 15064 15067 15068 15074 15101 15102 15130 15139 15140 15167 15184 15192 15210 15217 15234 15252 15267 15268 15281 15287 15302 15309 15314 15336 15340 15346 15349 15371 15379 15392 15399 15403 15422 15428 15468 15478 15487 15512 15557 15558 15577 15604 15605 15653 15693 15694 15741 
	}
	weather={
	}
}
