
strategic_region={
	id=9
	name="STRATEGICREGION_9"
	provinces={
		99 393 412 514 526 549 674 805 910 969 1050 2207 2511 2994 3025 3114 3420 3604 3658 3979 4120 4186 4590 4627 4697 5216 5358 5497 5536 5620 5623 5648 5960 6142 6432 6454 6662 6872 6958 7005 7202 7210 7982 7997 8284 8297 8524 8598 8652 8706 9165 9256 9436 9784 9869 10004 10079 10179 10196 10241 14889 14959 14975 14999 15016 15022 15028 15038 15063 15072 15086 15096 15100 15119 15134 15138 15145 15172 15180 15209 15223 15224 15225 15239 15240 15261 15280 15300 15329 15357 15370 15386 15407 15415 15416 15439 15449 15462 15472 15483 15490 15499 15510 15511 15543 15598 15626 15635 15652 15675 
	}
	weather={
	}
}
